<<<<<<< HEAD
0,401
0,400
0,399
=======
>>>>>>> dev-izia
0,398
0,386
34,2
34,4
<<<<<<< HEAD
37,52
37,51
37,50
37,49
37,48
37,47
37,46
37,45
37,44
37,43
37,42
37,41
37,40
37,39
37,38
37,37
37,36
37,35
34,1
34,3
3,1
3,3
10,115
10,68
10,293
10,250
10,171
10,86
10,239
10,2
10,3
11,4
11,14
11,6
9,7
8,18
8,11
8,17
8,5
=======
35,52
35,51
35,50
35,49
35,48
35,47
35,46
35,45
35,44
35,43
35,42
35,41
35,40
35,39
35,38
35,37
35,36
35,35
34,1
34,3
3,2
10,12
10,22
10,66
10,179
10,216
10,9
10,135
11,11
11,14
9,4
9,2
9,3
8,14
8,12
8,15
8,13
8,18
8,4
8,11
8,2
8,3
>>>>>>> dev-izia
20,3
20,2
20,1
19,3
19,2
19,1
18,3
18,1
14,3
14,1
13,1
12,3
12,2
13,3
12,1
11,30
11,29
11,28
11,27
11,26
11,25
11,24
11,23
11,22
11,21
11,20
11,19
11,18
11,17
11,16
<<<<<<< HEAD
11,11
11,10
=======
>>>>>>> dev-izia
11,8
11,5
11,3
